I
57
430
5 4 -255.182375385
52 8 -877.085974256
5 27 -745.097175089
40 22 -71.732225824
7 44 -229.950297188
11 31 522.363069127
42 7 53.337455943
7 36 -773.890330505
56 33 235.435360435
6 40 133.349490459
18 13 377.199934311
8 37 -577.779442331
42 29 289.192784968
28 49 2.140777869
1 40 700.363756335
24 51 371.739694270
43 17 782.918335122
6 18 -420.112030269
10 3 -369.884672837
15 53 -903.937574224
40 50 845.146240765
57 51 753.316843360
30 24 755.995715739
29 26 -184.089481527
14 22 -111.055777042
11 22 -259.335204043
52 53 -234.734765308
46 1 836.592091008
38 47 -998.018730615
35 26 614.875408136
6 37 -103.099495636
23 46 284.274324204
9 29 580.907179024
34 49 -9.153139643
24 43 692.557897674
45 21 479.834053563
24 52 -280.608376949
42 18 811.592762563
56 3 -390.971326894
24 32 -922.720453656
43 31 93.324233323
31 51 54.862091136
22 14 781.327278647
3 44 -525.430380499
9 39 536.163507571
57 18 354.910569736
33 28 -395.778491539
11 15 -23.361106820
35 56 -482.762166576
29 7 934.967825695
22 52 -781.237174085
1 10 824.360506793
32 24 -652.936584912
31 11 -190.274457115
39 7 -639.236922479
15 44 -770.660135055
27 49 511.924571143
49 38 699.275017863
51 4 709.247141673
43 46 759.274978580
10 22 492.211950533
36 8 -663.429211695
41 15 240.093766351
15 4 435.265503417
37 45 -500.557667806
3 24 278.368824480
16 7 -912.964082454
34 20 -470.801574238
46 29 174.075763014
31 37 579.639839870
3 24 62.014300903
10 41 -919.983643371
37 15 -652.084614369
28 1 294.609975071
6 28 -27.070835021
28 6 -795.027752206
10 2 -33.010887493
50 25 -655.854812416
18 32 748.251694043
21 33 -383.880862920
25 28 -271.663582618
36 37 -123.522786003
42 48 263.119825851
9 56 295.618568475
51 29 666.704398950
55 36 954.410260641
56 18 -10.893795755
17 8 231.269521811
16 51 -390.100021303
50 19 -725.796741835
26 31 776.268046390
51 41 -346.170810496
6 23 57.165625981
34 49 437.865046160
23 2 -218.230933993
5 34 714.928050815
22 56 -948.226362979
31 57 160.633177720
42 28 963.650139370
42 47 971.883522818
24 37 -29.841019126
38 10 637.104875751
32 51 272.286275107
24 50 -652.340833093
47 34 783.591113367
52 56 745.441453674
47 1 167.715689153
36 39 949.285525687
4 5 -989.216749713
33 55 355.514232044
38 33 -857.967946487
49 27 909.758384783
47 32 134.270999384
35 38 -73.861061807
37 2 93.187302259
9 51 315.956287939
8 56 -959.165867717
51 41 774.156354297
4 2 935.250643695
33 22 431.316002561
45 56 -935.316051237
11 7 -229.038591178
17 21 937.786083400
48 24 -778.273053088
21 2 -275.917407119
28 34 -185.890795996
2 8 -947.703258676
41 44 187.246109045
40 31 -741.452599614
15 11 525.518673685
28 52 80.770741940
26 35 -620.696829039
48 21 809.179788719
53 45 204.597075141
20 27 -266.624285313
1 45 564.507236227
37 46 -70.029935551
29 47 569.897386779
36 39 290.627707656
57 43 13.245876695
12 11 239.682171542
17 32 973.552488389
47 23 -600.264012676
31 5 -432.671456832
41 43 636.984312145
17 7 86.633704122
11 49 -840.696869711
2 26 498.577280159
2 29 -760.673489856
46 50 699.413441010
6 30 -104.773845602
50 55 14.790806033
25 6 737.858212117
27 43 20.036498189
7 29 919.726929438
22 14 -815.140832579
49 6 474.161947088
28 18 17.240021506
31 29 -534.734584538
8 28 -813.592331443
27 39 -395.902531146
47 48 -7.064378330
35 52 -35.702879449
52 11 338.587239207
35 51 666.401179027
11 31 808.282956863
56 47 -630.797069264
38 18 767.500122417
10 20 60.864003606
24 43 648.082430119
5 20 -388.567723080
36 52 -321.661872929
30 23 479.273501685
22 30 -313.068205713
4 7 790.386480672
26 3 -204.452610288
27 21 23.866668722
27 3 -782.179833128
17 19 -907.840383664
50 8 -295.595027350
11 3 -905.362609251
35 53 -355.641002832
28 9 -726.400573603
3 57 -904.372960992
28 52 854.761414655
11 4 -698.929735656
41 49 982.207559074
40 10 809.744676846
56 45 -883.059908351
10 9 704.610468271
30 31 -674.068394098
48 1 571.626420634
37 6 -694.351546962
18 16 58.586878307
13 55 -974.338586572
46 9 -812.185263416
46 29 -449.133004200
49 2 915.962903878
16 41 -696.579486972
36 40 -16.499303488
54 44 -936.421844259
27 10 405.440323692
5 55 394.410897989
10 43 534.892476599
33 49 -668.581965565
3 28 896.133814908
12 25 498.372643868
7 16 695.251420392
41 31 -18.360583087
41 14 -157.124097413
11 33 -442.766410611
30 11 75.351223152
29 14 -543.501508263
42 31 136.611414442
49 24 -624.502356267
22 1 -509.164914502
35 20 62.278015348
26 29 -176.726828630
15 39 -992.073462918
19 54 -301.070328514
5 37 -2.884534697
16 18 355.187249943
44 8 885.651380943
53 28 290.923321026
19 40 -378.858350315
40 55 -731.669393338
6 19 -42.027595570
35 11 372.486634826
54 47 919.687076110
14 15 -345.201277411
24 41 -638.728589786
38 25 614.237319267
50 5 -492.663042852
24 32 429.601468924
37 15 -126.689594677
40 30 -826.571760664
31 30 102.950724314
24 54 -502.981455863
25 32 40.345390081
48 2 52.468295763
30 28 892.238145051
13 19 94.999187177
17 14 -939.605381446
57 54 -47.752517761
12 2 -345.596164590
10 19 -524.603029007
13 7 881.264387518
18 52 -948.097872308
16 42 -354.408902298
31 38 -788.147960383
38 25 818.085405153
36 55 469.213889679
26 29 317.267619871
12 55 -129.336270011
9 31 899.261231089
44 15 17.338470983
33 35 921.359067899
51 54 79.998660107
6 38 -482.647418709
20 24 213.646488065
56 25 866.971139559
55 5 309.137101659
41 13 -167.135326968
34 6 963.757490685
20 7 904.335319382
24 40 419.671820944
27 17 174.165835033
52 11 -329.075204419
31 16 -160.268010612
19 57 -82.490573073
41 56 792.369791384
52 37 72.086016882
40 26 -357.054474840
10 49 419.167355087
49 35 815.985547182
44 48 388.907638400
44 43 -91.429565480
34 29 688.325603362
4 2 198.638631071
27 18 656.068152204
20 55 500.159369101
6 10 189.920799601
39 24 -890.875321246
29 37 -79.632295343
54 48 -321.001911546
4 22 -801.253867187
6 44 338.301094716
47 50 10.965084121
43 41 888.717316588
12 21 -861.203817674
35 7 -812.368291839
30 31 623.237325238
23 9 481.610392552
24 22 -604.765742916
25 48 206.535603439
16 18 20.828613213
45 42 -199.600985894
43 54 -173.631921430
47 6 -126.097909866
47 46 -440.672256615
57 48 554.677144499
46 52 483.779351426
33 8 630.998650166
16 40 625.609173181
20 13 994.744338842
36 50 594.087138239
4 24 135.852850086
48 2 -470.614303212
9 40 -325.969004662
24 35 233.994437804
17 8 -873.693621719
43 50 672.281554051
26 40 -687.667259639
50 30 -178.366432423
47 26 -437.956889943
24 37 494.124304152
42 56 -115.047839695
7 3 752.070128403
43 49 635.800016259
11 3 -182.288132363
3 14 459.388027062
37 28 -765.806753932
16 43 474.962857103
17 46 -616.345444476
29 33 -909.533903812
39 16 287.259176857
37 35 -457.042600936
7 15 -438.234119393
33 25 -1.895576904
29 2 363.512062406
54 55 276.326444512
17 46 -757.928670522
38 32 140.885079640
53 55 -0.057141830
3 26 866.479163884
41 47 -416.338458153
20 28 299.286494124
46 10 831.728372151
20 50 900.046205921
26 13 -102.432831250
31 6 621.745065160
1 30 -40.424351306
55 28 -652.128156142
9 35 722.191860027
18 55 -566.306469149
4 17 -792.704546125
19 30 42.773623066
37 32 -49.782654365
52 55 200.965107747
18 8 916.352156761
18 28 -417.941580855
15 47 49.877354296
42 49 112.858415355
43 15 926.376588486
48 2 -728.171621843
14 55 -47.866712080
7 50 642.617487251
28 49 703.545384518
5 32 -479.998850949
32 43 -942.615489581
9 33 906.719529198
34 18 734.929815729
5 3 699.420755899
26 34 90.802307402
50 16 491.063060284
1 45 148.757052885
34 40 -372.990933986
12 5 -924.263633651
24 13 177.231611337
21 9 -467.125887611
53 56 547.876930382
44 32 388.374420788
5 57 -855.725390512
1 15 -836.184939569
2 12 1697.277989196
3 13 -2516.229090204
4 56 713.447091550
5 45 -1610.981436380
6 48 1643.039716068
7 54 -510.273933015
8 22 1357.302257476
9 33 -4750.340022469
10 12 3334.035533447
11 52 3283.408914519
12 15 6553.658593159
13 54 -1238.546352055
14 12 -710.532747458
15 26 6971.721407540
16 36 2249.357124814
17 54 2030.551328134
18 48 3119.206740176
19 29 -1385.622934063
20 27 -4281.821208484
21 33 2516.386934381
22 29 3018.197604768
23 50 -611.478667774
24 36 -1335.726330076
25 42 1426.840495507
26 49 8580.190798592
27 32 -4997.203968812
28 14 -247.499010824
29 22 3195.886956172
30 2 -3469.507765095
31 35 3011.732270953
32 33 -2271.158587147
33 14 -7230.037828092
34 1 -568.501632480
35 55 4671.817919057
36 48 -83.950362272
37 29 3452.248654107
38 20 -1767.207548164
39 9 1630.953813718
40 3 1170.598925498
41 12 -3018.531932118
42 14 -2614.367874298
43 7 -2598.343807516
44 7 -3525.757798875
45 38 -1421.654664716
46 37 -2605.697755374
47 24 981.703643375
48 37 6307.254489311
49 3 7676.626504610
50 22 4943.159841050
51 45 160.526605005
52 34 2419.228373292
53 22 -2537.653527083
54 34 -602.296285213
55 47 3822.204887023
56 53 467.551147531
57 33 -3310.353663386