Initial health points: 4308681960
4308681960 55
4308681960 61
4308681960 9
4308681960 21
4308681960 30
4308681949 32
4308681949 31
4308681949 47
4308681949 72
4308681949 53
4308681949 59
4308681949 60
4308681949 64
4308681949 65
4308681949 69
4308681949 70
4308681949 74
4308681949 74
4308681949 74
4308681949 75
4308681949 85
4308681949 90
4308681949 91
4308681949 91
4308681949 98
4308681949 101
4308681949 101
4308681949 102
4308681949 102
4308681949 103
4308681949 104
4308681949 104
4308681949 105
4308681949 106
4308681949 115
4308681949 118
4308681949 118
4308681949 135
4308681949 137
4308681949 139
4308681949 148
4308681949 148
4308681949 150
4308681949 156
4308681949 159
4308681949 159
4308681949 162
4308681949 170
4308681949 172
4308681949 174
4308681949 176
4308681949 176
4308681949 177
4308681949 178
4308681949 182
4308681949 192
4308681949 204
4308681949 204
4308681949 209
4308681949 210
4308681949 214
4308681949 216
4308681949 217
4308681949 217
4308681949 218
4308681949 220
4308681949 223
4308681949 229
4308681949 233
4308681949 238
4308681949 246
4308681949 246
4308681949 247
4308681949 260
4308681949 275
4308681949 284
4308681949 288
4308681949 291
4308681949 295
4308681949 296
4308681949 300
4308681949 300
4308681949 305
4308681949 310
4308681949 311
4308681949 312
4308681949 325
4308681949 331
4308681949 333
4308681949 334
4308681949 335
4308681949 336
4308681949 337
4308681949 343
4308681949 343
4308681949 344
4308681949 348
4308681949 348
4308681949 348
4308681949 351
4308681949 354
4308681949 356
4308681949 357
4308681949 361
4308681949 364
4308681949 366
4308681949 367
4308681949 377
4308681949 377
4308681949 382
4308681949 388
4308681949 391
4308681949 395
4308681949 402
4308681949 406
4308681949 409
4308681949 412
4308681949 413
4308681949 415
4308681949 416
4308681949 421
4308681949 436
4308681949 437
4308681949 443
4308681949 445
4308681949 449
4308681949 454
4308681949 454
4308681949 455
4308681949 455
4308681949 457
4308681949 463
4308681949 467
4308681949 470
4308681949 470
4308681949 473
4308681949 481
4308681949 482
4308681949 482
4308681949 483
4308681949 485
4308681949 487
4308681949 502
4308681949 521
4308681949 522
4308681949 528
4308681949 530
4308681949 535
4308681949 538
4308681949 540
4308681949 547
4308681949 554
4308681949 556
4308681949 557
4308681949 563
4308681949 563
4308681949 566
4308681949 566
4308681949 578
4308681949 579
4308681949 579
4308681949 583
4308681949 601
4308681949 601
4308681949 602
4308681949 616
4308681949 619
4308681949 621
4308681949 621
4308681949 621
4308681949 622
4308681949 624
4308681949 631
4308681949 632
4308681949 636
4308681949 645
4308681949 645
4308681949 647
4308681949 649
4308681949 651
4308681949 655
4308681949 657
4308681949 660
4308681949 661
4308681949 662
4308681949 665
4308681949 677
4308681949 679
4308681949 682
4308681949 682
4308681949 685
4308681949 692
4308681949 715
4308681949 716
4308681949 717
4308681949 717
4308681949 723
4308681949 729
4308681949 733
4308681949 736
4308681949 738
4308681949 740
4308681949 744
4308681949 745
4308681949 747
4308681949 750
4308681949 757
4308681949 758
4308681949 763
4308681949 765
4308681949 769
4308681949 772
4308681949 776
4308681949 783
4308681949 790
4308681949 793
4308681949 801
4308681949 802
4308681949 806
4308681949 808
4308681949 815
4308681949 820
4308681949 830
4308681949 832
4308681949 833
4308681949 835
4308681949 837
4308681949 856
4308681949 863
4308681949 866
4308681949 869
4308681949 869
4308681949 876
4308681949 882
4308681949 883
4308681949 885
4308681949 886
4308681949 888
4308681949 891
4308681949 893
4308681949 898
2161208299 9996
2161208299 910
2161208299 914
2161208299 924
2161208299 925
2161208299 930
2161208299 930
2161208299 935
2161208299 942
2161208299 945
2161208299 946
2161208299 954
2161208299 955
2161208299 959
2161208299 960
2161208299 961
2161208299 965
2161208299 967
2161208299 968
2161208299 970
2161208299 975
2161208299 982
2161208299 983
2161208299 986
2161208299 986
2161208299 990
2161208299 994
2161208299 996
2161208299 996
2161208299 996
2161208299 1007
2161208299 1022
2161208299 1023
2161208299 1029
2161208299 1030
2161208299 1033
2161208299 1033
2161208299 1035
2161208299 1035
2161208299 1039
2161208299 1039
2161208299 1039
2161208299 1043
2161208299 1047
2161208299 1048
2161208299 1050
2161208299 1052
2161208299 1052
2161208299 1054
2161208299 1055
2161208299 1058
2161208299 1066
2161208299 1074
2161208299 1078
2161208299 1083
2161208299 1087
2161208299 1089
2161208299 1092
2161208299 1101
2161208299 1101
2161208299 1102
2161208299 1104
2161208299 1106
2161208299 1107
2161208299 1108
2161208299 1111
2161208299 1114
2161208299 1116
2161208299 1122
2161208299 1126
2161208299 1126
2161208299 1128
2161208299 1133
2161208299 1136
2161208299 1139
2161208299 1141
2161208299 1142
2161208299 1144
2161208299 1147
2161208299 1148
2161208299 1150
2161208299 1151
2161208299 1153
2161208299 1158
2161208299 1162
2161208299 1163
2161208299 1164
2161208299 1166
2161208299 1166
2161208299 1166
2161208299 1167
2161208299 1174
2161208299 1184
2161208299 1186
2161208299 1187
2161208299 1189
2161208299 1190
2161208299 1194
2161208299 1200
2161208299 1201
2161208299 1206
2161208299 1213
2161208299 1213
2161208299 1216
2161208299 1217
2161208299 1222
2161208299 1224
2161208299 1228
2161208299 1230
2161208299 1236
2161208299 1239
2161208299 1239
2161208299 1247
2161208299 1253
2161208299 1254
2161208299 1256
2161208299 1256
2161208299 1257
2161208299 1259
2161208299 1260
2161208299 1261
2161208299 1261
2161208299 1265
2161208299 1268
2161208299 1270
2161208299 1272
2161208299 1273
2161208299 1276
2161208299 1279
2161208299 1282
2161208299 1283
2161208299 1295
2161208299 1298
2161208299 1302
2161208299 1302
2161208299 1305
2161208299 1307
2161208299 1312
2161208299 1312
2161208299 1322
2161208299 1328
2161208299 1328
2161208299 1330
2161208299 1334
2161208299 1336
2161208299 1338
2161208299 1338
2161208299 1340
2161208299 1344
2161208299 1348
2161208299 1352
2161208299 1358
2161208299 1369
2161208299 1375
2161208299 1378
2161208299 1380
2161208299 1386
0 1387
You died.
